505506		-4.698	5.495	-2.181               
505507				                     
505522			                     
505523			                     
505722		-4.004	5.498	-2.154               
505723				                     
505606		-4.694	-5.476	-2.188               
505607				                     
505622			                     
505623			                     
505822		-3.993	-5.475	-2.162               
505823				                     
505101		0.077	-0.003	-2.012               
505102		0.084	1.250	-2.011               
505103		0.080	1.448	-2.009               
505104		0.079	4.248	-2.003               
505105				                     
505106		0.070	5.514	-2.000               
505107				                     
505108				                     
505109				                     
505110				                     
505111				                     
505112			                     
505113			                     
505114			                     
505115			                     
505116			                     
505117	-0.022	5.171	0.616                
505118			                     
505119	0.000	3.859	0.000                
505120	0.003	2.232	-0.002               
505121	-0.002	0.975	-0.005               
505130				                     
505131				                     
505132		0.005	5.179	-0.023               
505133		0.005	5.059	-0.027               
505134			                     
505201				                     
505202		0.079	-1.255	-2.005               
505203		0.078	-1.452	-2.012               
505204		0.075	-4.249	-2.006               
505205		0.081	-4.441	-2.009               
505206		0.075	-5.492	-2.012               
505207				                     
505208				                     
505209				                     
505210				                     
505211				                     
505212			                     
505213			                     
505214			                     
505215			                     
505216			                     
505217	-0.021	-5.170	0.617                
505218			                     
505219	0.000	-3.859	0.000                
505220	0.004	-2.226	-0.008               
505221	0.002	-0.972	-0.004               
505230				                     
505231				                     
505232		0.002	-5.173	-0.024               
505233		0.003	-5.053	-0.029               
505234			                     
506512			                     
506513			                     
506514			                     
506518			                     
506519	4.212	3.854	0.153                
506520	4.212	2.232	0.161                
506521	4.210	0.974	0.156                
506535			                     
506612			                     
506613			                     
506614			                     
506618			                     
506619	4.213	-3.855	0.152                
506620	4.211	-2.222	0.154                
506621	4.212	-0.972	0.152                
506635			                     
506706		3.885	5.520	-1.859               
506707				                     
506806		3.884	-5.507	-1.863               
506807				                     
506101		7.689	0.004	-1.719               
506102		7.688	1.252	-1.720               
506103		7.689	1.452	-1.718               
506104		7.686	4.625	-1.707               
506105		7.695	4.839	-1.713               
506106		7.690	5.518	-1.721               
506107				                     
506108				                     
506109				                     
506110				                     
506111				                     
506112			                     
506113			                     
506114			                     
506115			                     
506116			                     
506117	7.599	5.189	0.906                
506118	7.602	5.097	0.982                
506119	7.622	3.866	0.282                
506120	7.623	2.237	0.286                
506121	7.621	0.979	0.288                
506122			                     
506123	7.283	5.511	9.562                
506130			                     
506131			                     
506132	7.620	5.194	0.264                
506133	7.622	5.055	0.247                
506134	7.593	5.124	0.867                
506201				                     
506202		7.686	-1.248	-1.723               
506203		7.686	-1.448	-1.718               
506204		7.694	-4.617	-1.722               
506205		7.695	-4.832	-1.714               
506206		7.694	-5.515	-1.722               
506207				                     
506208				                     
506209				                     
506210				                     
506211				                     
506212			                     
506213			                     
506214			                     
506215			                     
506216			                     
506217	7.602	-5.190	0.907                
506218	7.590	-5.086	0.983                
506219	7.625	-3.853	0.281                
506220	7.624	-2.224	0.286                
506221	7.618	-0.968	0.286                
506222			                     
506223	7.280	-5.525	9.563                
506230			                     
506231			                     
506232	7.626	-5.193	0.264                
506233	7.624	-5.054	0.250                
506234	7.602	-5.114	0.875                
507706		11.503	5.511	-1.583               
507707				                     
507806		11.504	-5.510	-1.583               
507807				                     
507101		15.306	-0.001	-1.445               
507102		15.309	1.250	-1.446               
507103		15.308	1.449	-1.445               
507104		15.295	4.619	-1.447               
507105		15.312	4.820	-1.443               
507106		15.313	5.502	-1.447               
507107				                     
507108				                     
507109				                     
507110				                     
507111				                     
507112			                     
507113			                     
507114			                     
507115			                     
507116			                     
507117	15.218	5.169	1.175                
507118	15.220	5.094	1.256                
507119	15.237	3.865	0.553                
507120	15.249	2.239	0.558                
507121	15.243	0.979	0.559                
507122			                     
507123	14.927	5.503	9.831                
507130			                     
507131			                     
507132	15.241	5.173	0.533                
507133	15.246	5.052	0.516                
507134	15.211	5.121	1.137                
507201				                     
507202		15.308	-1.254	-1.445               
507203		15.307	-1.453	-1.445               
507204		15.310	-4.620	-1.440               
507205		15.314	-4.822	-1.444               
507206		15.313	-5.502	-1.447               
507207				                     
507208				                     
507209				                     
507210				                     
507211				                     
507212			                     
507213			                     
507214			                     
507215			                     
507216			                     
507217	15.217	-5.181	1.186                
507218	15.220	-5.086	1.255                
507219	15.243	-3.857	0.552                
507220	15.244	-2.222	0.558                
507221	15.240	-0.969	0.558                
507222			                     
507223	14.923	-5.512	9.831                
507230			                     
507231			                     
507232	15.242	-5.184	0.542                
507233	15.243	-5.056	0.527                
507234	15.219	-5.114	1.149                
507306		15.711	5.501	-1.433               
507307				                     
507406		15.718	-5.501	-1.433               
507407				                     
508506		15.915	5.501	-1.426               
508507				                     
508606		15.918	-5.501	-1.432               
508607				                     
507322			                     
507323	16.670	5.501	9.890                
507422			                     
507423	16.665	-5.509	9.891                
508522			                     
508523	16.870	5.502	9.898                
508622			                     
508623	16.868	-5.505	9.900                
507312			                     
507313			                     
507314			                     
507318			                     
507319	18.956	3.861	0.669                
507320	18.954	2.231	0.675                
507321	18.953	0.977	0.681                
507335			                     
507412			                     
507413			                     
507414			                     
507418			                     
507419	18.956	-3.858	0.682                
507420	18.954	-2.223	0.677                
507421	18.953	-0.969	0.681                
507435			                     
508706		19.129	5.501	-1.320               
508707				                     
508512			                     
508513			                     
508514			                     
508518			                     
508519	19.452	3.862	0.687                
508520	19.451	2.230	0.696                
508521	19.454	0.979	0.700                
508535			                     
508806		19.127	-5.508	-1.316               
508807				                     
508612			                     
508613			                     
508614			                     
508618			                     
508619	19.455	-3.853	0.704                
508620	19.455	-2.220	0.704                
508621	19.454	-0.969	0.697                
508635			                     
508101		22.926	0.003	-1.183               
508102		22.925	1.252	-1.181               
508103		22.924	1.453	-1.179               
508104		22.925	4.622	-1.183               
508105		22.939	4.820	-1.192               
508106		22.942	5.499	-1.199               
508107				                     
508108				                     
508109				                     
508110			                     
508111			                     
508112			                     
508113			                     
508114			                     
508115			                     
508116			                     
508117	22.843	5.171	1.432                
508118	22.841	5.093	1.510                
508119	22.866	3.864	0.815                
508120	22.863	2.235	0.823                
508121	22.864	0.981	0.819                
508122				                     
508123		22.569	5.499	10.088               
508130			                     
508131			                     
508132	22.862	5.175	0.787                
508133	22.866	5.062	0.774                
508134	22.840	5.132	1.399                
508201				                     
508202		22.929	-1.249	-1.186               
508203		22.926	-1.449	-1.186               
508204		22.929	-4.620	-1.184               
508205		22.937	-4.829	-1.187               
508206		22.937	-5.512	-1.193               
508207				                     
508208				                     
508209				                     
508210			                     
508211			                     
508212			                     
508213			                     
508214			                     
508215			                     
508216			                     
508217	22.850	-5.183	1.447                
508218	22.843	-5.087	1.514                
508219	22.866	-3.856	0.820                
508220	22.866	-2.220	0.820                
508221	22.870	-0.971	0.820                
508222				                     
508223		22.568	-5.512	10.089               
508230			                     
508231			                     
508232	22.870	-5.186	0.801                
508233	22.871	-5.051	0.783                
508234	22.855	-5.110	1.404                
509706		26.747	5.493	-1.076               
509707				                     
509806		26.746	-5.509	-1.064               
509807				                     
509101		30.561	0.005	-0.940               
509102		30.554	1.254	-0.939               
509103		30.553	1.452	-0.937               
509104		30.537	4.624	-0.934               
509105		30.560	4.803	-0.949               
509106		30.557	5.484	-0.955               
509107				                     
509108				                     
509109				                     
509110			                     
509111			                     
509112			                     
509113			                     
509114			                     
509115			                     
509116			                     
509117	30.469	5.167	1.675                
509118	30.467	5.093	1.759                
509119	30.487	3.860	1.064                
509120	30.481	2.233	1.066                
509121	30.483	0.979	1.064                
509122				                     
509123		30.210	5.484	10.329               
509130			                     
509131			                     
509132	30.494	5.167	1.030                
509133	30.494	5.050	1.027                
509134	30.463	5.115	1.650                
509201				                     
509202		30.559	-1.247	-0.941               
509203		30.557	-1.448	-0.944               
509204		30.551	-4.598	-0.933               
509205		30.559	-4.824	-0.942               
509206		30.559	-5.506	-0.948               
509207				                     
509208				                     
509209				                     
509210			                     
509211			                     
509212			                     
509213			                     
509214			                     
509215			                     
509216			                     
509217	30.477	-5.176	1.684                
509218	30.466	-5.093	1.766                
509219	30.486	-3.860	1.064                
509220	30.481	-2.227	1.059                
509221	30.483	-0.972	1.060                
509222				                     
509223		30.206	-5.506	10.333               
509230			                     
509231			                     
509232	30.493	-5.180	1.037                
509233	30.494	-5.060	1.032                
509234	30.477	-5.116	1.655                
509306				                     
509307				                     
509406				                     
509407				                     
510506				                     
510507				                     
510606				                     
510607				                     
509322				                     
509323				                     
509422				                     
509423				                     
510522				                     
510523				                     
510622				                     
510623				                     
509312			                     
509313			                     
509314			                     
509318			                     
509319	34.195	3.859	1.168                
509320	34.192	2.230	1.176                
509321	34.195	0.976	1.182                
509335			                     
509412			                     
509413			                     
509414			                     
509418			                     
509419	34.199	-3.861	1.166                
509420	34.194	-2.225	1.179                
509421	34.191	-0.977	1.181                
509435			                     
